4294967279,55
4294967278,54
4294967278,53
4294967278,52
4294967278,46
4294967278,45
4294967278,44
4294967278,39
4294967279,0
4294967279,54
4294967279,53
4294967279,52
4294967279,46
4294967279,40
4294967279,35
4294967279,4
42,6
47,4
47,5
39,4
39,5
4294967294,5
4294967278,194
4294967294,1429
4294967294,7
4294967294,22
46,4
4294967293,131
4294967293,130
4294967293,129
4294967293,128
4294967293,127
4294967293,126
4294967293,125
4294967293,124
4294967293,123
4294967293,122
4294967293,121
4294967293,120
4294967293,119
4294967293,118
4294967293,117
4294967293,116
4294967293,115
4294967293,114
4294967293,113
4294967293,112
4294967293,111
4294967293,110
4294967293,109
4294967293,108
4294967293,107
4294967293,106
4294967293,105
4294967293,104
4294967293,103
4294967293,102
4294967293,101
4294967293,100
4294967293,99
4294967293,98
4294967293,97
4294967293,96
4294967293,95
4294967293,94
4294967293,93
4294967293,92
4294967293,91
4294967293,90
4294967293,89
4294967293,87
4294967293,86
4294967293,85
4294967293,84
4294967293,83
4294967293,82
4294967293,81
4294967293,80
4294967293,79
4294967293,78
4294967293,77
4294967293,76
4294967293,75
4294967293,74
4294967293,73
4294967293,72
4294967293,71
4294967293,70
4294967293,69
4294967293,68
4294967293,67
4294967293,66
4294967293,65
4294967293,64
4294967293,63
4294967293,62
4294967293,61
4294967293,60
4294967293,59
4294967293,58
4294967293,57
4294967293,56
4294967293,55
4294967293,54
4294967293,53
4294967293,52
4294967293,51
4294967293,50
4294967293,49
4294967293,48
4294967293,47
4294967293,46
4294967293,45
4294967293,44
4294967293,43
4294967293,42
4294967293,41
4294967293,40
4294967293,39
4294967293,38
4294967293,37
4294967293,36
4294967293,35
4294967293,34
4294967293,33
4294967293,32
4294967293,31
4294967293,30
4294967293,29
4294967293,28
4294967293,27
4294967293,26
4294967293,25
4294967293,24
4294967293,23
4294967293,22
4294967293,21
4294967293,20
4294967293,19
4294967293,18
4294967293,17
4294967293,16
4294967293,15
4294967293,14
4294967293,13
4294967293,12
4294967293,11
4294967293,10
4294967293,9
4294967293,8
4294967293,7
4294967293,6
4294967293,5
4294967293,4
4294967293,3
4294967278,273
4294967278,412
4294967278,129
4294967278,348
4294967278,127
4294967278,390
4294967278,123
4294967278,332
4294967278,122
4294967278,290
4294967278,435
4294967278,117
4294967278,428
4294967278,116
4294967278,239
4294967278,115
4294967278,284
4294967278,331
4294967278,114
4294967278,267
4294967278,112
4294967278,425
4294967278,107
4294967278,289
4294967278,445
4294967278,102
4294967278,287
4294967278,359
4294967278,97
4294967278,262
4294967278,442
4294967278,92
4294967278,320
4294967278,85
4294967278,383
4294967278,281
4294967278,80
4294967278,431
4294967278,75
4294967278,70
4294967278,64
4294967278,378
4294967278,277
4294967278,50
4294967278,49
4294967278,47
4294967278,286
4294967278,43
4294967278,42
4294967278,40
4294967278,275
4294967278,274
4294967278,377
4294967278,88
4294967278,174
4294967278,2
4294967279,102
4294967279,91
4294967279,90
4294967279,89
4294967279,87
4294967279,85
4294967279,84
4294967279,289
4294967279,82
4294967279,288
4294967279,81
4294967279,80
4294967279,79
4294967279,78
4294967279,293
4294967279,70
4294967279,285
4294967279,292
4294967279,440
4294967279,51
4294967279,50
4294967279,48
4294967279,47
4294967279,291
4294967279,282
4294967279,44
4294967279,43
4294967279,41
4294967279,281
4294967279,39
4294967279,38
4294967279,37
4294967279,36
4294967279,34
4294967279,33
4294967279,32
4294967279,31
4294967279,30
4294967279,29
4294967279,28
4294967279,27
4294967279,26
4294967279,25
4294967279,24
4294967279,23
4294967279,22
4294967279,21
4294967279,20
4294967279,19
4294967279,18
4294967279,17
4294967279,16
4294967279,15
4294967279,278
4294967279,14
4294967279,13
4294967279,276
46,6
4294967294,1430
43,4
43,1
0,5
4294967294,15
4294967294,478
4294967294,1615
4294967294,487
4294967294,1
4294967294,1616
4294967279,286
4294967278,382
4294967278,312
4294967278,279
4294967294,1991
4294967294,585
4294967294,413
4294967294,1421
4294967294,0
4294967294,586
4294967294,1078
4294967294,186
4294967294,1000
4294967294,999
4294967294,997
4294967294,409
4294967294,995
4294967294,994
4294967294,993
4294967294,991
4294967294,990
4294967294,989
4294967294,987
4294967294,986
4294967294,985
4294967294,983
4294967294,982
4294967294,981
4294967294,979
4294967294,978
4294967294,976
4294967294,975
4294967294,972
4294967294,968
4294967294,967
4294967294,963
4294967294,961
4294967294,958
4294967294,957
4294967294,956
4294967294,1988
4294967294,731
4294967294,952
4294967294,951
4294967294,948
4294967294,945
4294967294,942
4294967294,937
4294967294,936
4294967294,934
4294967294,931
4294967294,930
4294967294,928
4294967294,926
4294967294,924
4294967294,921
4294967294,916
4294967294,915
4294967294,728
4294967294,912
4294967294,911
4294967294,908
4294967294,907
4294967294,906
4294967294,904
4294967294,901
4294967294,900
4294967294,899
4294967294,897
4294967294,896
4294967294,895
4294967294,1270
4294967294,893
4294967294,892
4294967294,890
4294967294,889
4294967294,886
4294967294,883
4294967294,881
4294967294,877
4294967294,876
4294967294,872
4294967294,871
4294967294,870
4294967294,869
4294967294,866
4294967294,863
4294967294,862
4294967294,860
4294967294,859
4294967294,858
4294967294,855
4294967294,853
4294967294,852
4294967294,850
4294967294,848
4294967294,733
4294967294,847
4294967294,723
4294967294,844
4294967294,842
4294967294,841
4294967294,840
4294967294,839
4294967294,835
4294967294,721
4294967294,834
4294967294,832
4294967294,829
4294967294,828
4294967294,825
4294967294,824
4294967294,823
4294967294,822
4294967294,821
4294967294,820
4294967294,1989
4294967294,819
4294967294,818
4294967294,816
4294967294,815
4294967294,814
4294967294,813
4294967294,812
4294967294,811
4294967294,810
4294967294,808
4294967294,807
4294967294,806
4294967294,804
4294967294,803
4294967294,802
4294967294,801
4294967294,800
4294967294,799
4294967294,798
4294967294,797
4294967294,796
4294967294,795
4294967294,791
4294967294,790
4294967294,789
4294967294,788
4294967294,787
4294967294,786
4294967294,785
4294967294,784
4294967294,782
4294967294,781
4294967294,779
4294967294,775
4294967294,773
4294967294,711
4294967294,1272
4294967294,771
4294967294,714
4294967294,768
4294967294,703
4294967294,700
4294967294,696
4294967294,693
4294967294,691
4294967294,689
4294967294,688
4294967294,687
4294967294,685
4294967294,683
4294967294,682
4294967294,677
4294967294,676
4294967294,674
4294967294,671
4294967294,669
4294967294,668
4294967294,1024
4294967294,662
4294967294,661
4294967294,660
4294967294,658
4294967294,1267
4294967294,656
4294967294,655
4294967294,652
4294967294,651
4294967294,650
4294967294,649
4294967294,647
4294967294,646
4294967294,644
4294967294,643
4294967294,642
4294967294,1054
4294967294,641
4294967294,635
4294967294,632
4294967294,628
4294967294,626
4294967294,705
4294967294,154
4294967294,622
4294967294,630
1,3
1,0
4294967294,618
4294967294,615
4294967294,639
4294967294,614
4294967294,613
4294967294,612
4294967294,719
4294967294,611
4294967294,710
4294967294,712
4294967294,610
4294967294,732
4294967294,609
4294967294,608
4294967294,607
4294967294,1266
4294967294,730
4294967294,606
4294967294,726
4294967294,717
4294967294,709
4294967294,729
4294967294,704
4294967294,605
4294967294,718
4294967294,878
4294967294,706
4294967294,70
4294967294,724
4294967294,72
4294967294,875
4294967294,715
4294967294,71
4294967279,449
4294967294,1072
4294967294,1262
4294967294,1253
4294967294,187
4294967294,1246
4294967294,1438
4294967294,1540
4294967294,1252
4294967294,1448
4294967294,743
4294967294,420
4294967294,1250
4294967294,1251
4294967294,1049
4294967294,1268
4294967294,1600
4294967294,510
4294967294,1560
4294967294,1279
4294967294,1278
4294967294,1264
4294967294,1556
4294967294,1554
4294967294,1564
4294967294,1563
4294967294,1559
4294967294,1561
4294967294,1557
4294967294,393
4294967294,1548
4294967294,1551
4294967294,1553
4294967294,1542
4294967294,579
4294967294,1469
4294967294,455
4294967294,1241
4294967294,444
4294967294,1071
4294967294,1537
4294967294,423
4294967294,424
4294967294,1550
4294967294,603
4294967294,1265
4294967294,1245
4294967294,1463
4294967294,1441
4294967294,1460
4294967294,454
4294967294,1545
4294967294,438
4294967294,602
4294967294,453
4294967294,1467
4294967294,1439
4294967294,593
4294967294,432
4294967294,1445
4294967294,390
4294967294,125
4294967294,1165
4294967294,1164
4294967294,1162
4294967294,1161
4294967294,1464
4294967294,1562
4294967294,1026
4294967294,1565
4294967294,542
4294967294,541
4294967294,540
4294967294,539
4294967294,538
4294967294,536
4294967294,537
4294967294,535
4294967294,534
4294967294,533
4294967294,532
4294967294,531
4294967294,530
4294967294,529
4294967294,528
4294967294,527
4294967294,526
4294967294,525
4294967294,524
4294967294,523
4294967294,522
4294967294,521
4294967294,519
4294967294,520
4294967294,518
4294967294,517
4294967294,516
4294967294,515
4294967294,514
4294967294,513
4294967294,512
4294967294,383
4294967294,382
4294967294,381
4294967294,31
4294967294,592
4294967294,1035
4294967294,744
4294967294,158
4294967294,741
4294967294,1549
4294967294,470
4294967294,84
4294967279,392
4294967279,501
4294967279,268
4294967278,416
4294967279,506
4294967279,470
4294967279,77
4294967294,81
4294967279,403
4294967279,485
4294967278,402
4294967278,392
4294967279,277
4294967279,435
4294967278,366
4294967278,235
4294967279,225
4294967279,223
4294967279,424
4294967279,423
4294967278,376
4294967278,358
4294967279,511
4294967279,390
4294967279,510
4294967279,384
4294967279,444
4294967278,381
4294967278,379
4294967279,420
4294967278,432
4294967278,223
4294967279,257
4294967279,275
4294967278,318
4294967294,471
4294967279,503
4294967278,315
4294967278,313
4294967278,314
4294967279,314
4294967279,483
4294967278,371
4294967278,349
4294967279,497
4294967279,492
4294967278,370
4294967278,403
4294967278,369
4294967279,491
4294967279,434
4294967278,367
4294967278,417
4294967279,466
4294967279,478
4294967279,477
4294967278,364
